Matriks W: [
    array([[1., 1., 1., 1., 0., 0., 0., 0., 0.],
       [0., 0., 0., 0., 1., 0., 1., 1., 0.],
       [0., 0., 0., 0., 0., 1., 0., 0., 1.]]), 
    array([[1., 1., 1., 1., 0., 0., 0., 0., 0.],
       [0., 0., 0., 0., 1., 0., 1., 1., 0.],
       [0., 0., 0., 0., 0., 1., 0., 0., 1.]])
    ]
Matriks Dm(X,Q): [
    [
        [0.5, 0.5, 0.0, 1.0, 1.0, 1.0, 1.0, 1.0, 1.0], 
        [1.0, 1.0, 1.0, 1.0, 0.75, 1.0, 0.75, 0.0, 1.0], 
        [1.0, 1.0, 1.0, 1.0, 1.0, 0.0, 1.0, 1.0, 0.6666666666666667]
    ], 
    [
        [0.6666666666666667, 0.6666666666666667, 0.5, 0.5, 1.0, 1.0, 1.0, 1.0, 1.0], 
        [1.0, 1.0, 1.0, 1.0, 0.6666666666666667, 1.0, 0.6666666666666667, 0.33333333333333337, 1.0], 
        [1.0, 1.0, 1.0, 1.0, 1.0, 0.0, 1.0, 1.0, 0.6666666666666667]
    ]
]